1000
    1    50    48
    2    30    34
    3     1     6
    4    27    25
    5     7     2
    6    22    22
    7    23    21
    8    37    38
    9    44    41
   10    16    20
   11    15    12
   12    34    31
   13    31    32
   14    25    22
   15    31    27
   16    35    33
   17    17    19
   18     1     2
   19    11     7
   20    33    30
   21     2     1
   22    23    28
   23    33    32
   24    11    11
   25    10     7
   26    13     8
   27    18    16
   28    33    30
   29    18    18
   30     2     5
   31    41    36
   32    28    32
   33    11    10
   34    18    17
   35    47    50
   36    39    43
   37     5     8
   38    18    13
   39     7     2
   40    46    49
   41    33    31
   42    19    16
   43    43    40
   44    11    10
   45    27    23
   46    15    13
   47    40    44
   48    27    26
   49    32    37
   50    12    12
   51    35    37
   52    28    30
   53    12    15
   54    32    36
   55    19    19
   56    22    18
   57    43    45
   58     1     1
   59    11     6
   60    13    16
   61    48    43
   62    18    13
   63    46    50
   64    41    45
   65    22    20
   66    13    14
   67     5     1
   68    20    23
   69    39    38
   70    45    50
   71    14    16
   72    35    32
   73     7     4
   74    19    23
   75    28    24
   76    20    25
   77     5     1
   78    33    31
   79    22    17
   80     5     9
   81    31    36
   82    50    48
   83     7    11
   84    45    48
   85    29    30
   86    41    46
   87     7     4
   88    37    38
   89    31    28
   90    41    43
   91    35    39
   92    18    23
   93    38    37
   94    14    18
   95    36    32
   96    36    33
   97    41    39
   98    30    31
   99    40    38
  100    37    40
  101     7     9
  102    17    16
  103     8    10
  104    39    40
  105    28    31
  106    14    10
  107     2     1
  108    27    29
  109    46    43
  110    35    35
  111    44    43
  112    15    17
  113     9     9
  114    46    43
  115    19    19
  116    11     7
  117    26    27
  118     1     1
  119    42    41
  120    41    39
  121    27    30
  122    41    41
  123    13    18
  124    41    45
  125    21    17
  126    47    43
  127    24    24
  128    14    18
  129    21    25
  130     9     9
  131    40    40
  132    13    11
  133    10    15
  134    19    20
  135    26    23
  136    35    34
  137    24    29
  138    29    27
  139    18    18
  140    37    36
  141     4     9
  142    29    25
  143    23    25
  144    27    23
  145    42    43
  146    44    46
  147    40    44
  148    26    21
  149    20    25
  150    14    10
  151    22    21
  152    38    35
  153    36    38
  154    17    12
  155    34    36
  156    25    28
  157    11     6
  158    30    27
  159    24    28
  160    34    31
  161    34    31
  162     7     9
  163    53    50
  164    51    46
  165    34    31
  166    52    48
  167    43    41
  168    49    48
  169    44    46
  170    18    23
  171    38    41
  172    17    14
  173    36    39
  174     6     6
  175    26    21
  176     1     5
  177    31    28
  178    26    21
  179    33    28
  180    45    50
  181    49    45
  182    14    17
  183    37    36
  184    25    22
  185    23    23
  186    27    31
  187    23    28
  188     8     3
  189    27    26
  190    48    45
  191     1     2
  192    38    39
  193    37    36
  194    50    48
  195    34    37
  196    34    36
  197     7    10
  198    22    22
  199    36    39
  200    19    15
  201    18    23
  202    13    11
  203    26    27
  204     8     3
  205    12    17
  206     7     7
  207    28    24
  208    47    44
  209    45    47
  210    43    45
  211    24    24
  212    22    20
  213     2     7
  214     1     3
  215    29    24
  216    13    17
  217    48    44
  218    34    32
  219    49    45
  220    12    12
  221    27    26
  222    10    13
  223    47    47
  224    13    12
  225    41    36
  226    36    32
  227    23    25
  228    16    19
  229    24    25
  230    31    31
  231    34    29
  232    44    44
  233    27    27
  234    17    18
  235    39    37
  236    18    22
  237    41    45
  238    34    35
  239    27    25
  240    16    21
  241    12    17
  242    48    49
  243    46    49
  244     3     7
  245    29    28
  246    52    49
  247    28    30
  248    19    18
  249     9     6
  250    41    38
  251    45    41
  252    44    43
  253    18    23
  254    41    46
  255    41    45
  256    13    15
  257     8    12
  258    15    14
  259    49    45
  260    23    19
  261    11    15
  262     8     9
  263    34    37
  264     8     5
  265    43    39
  266    37    34
  267    31    34
  268    52    48
  269    53    49
  270    22    23
  271    20    16
  272    46    47
  273    19    16
  274    26    29
  275    42    45
  276    13    18
  277    27    27
  278    52    50
  279     5     3
  280    27    28
  281    10    13
  282    24    22
  283    38    39
  284    15    15
  285    10    10
  286    29    31
  287     6     3
  288     7     9
  289     6     3
  290    14    17
  291    24    28
  292    18    16
  293    45    50
  294    10    10
  295     1     1
  296    16    15
  297    43    42
  298    33    30
  299    11    10
  300     7     2
  301     3     4
  302    32    35
  303     9     8
  304    48    43
  305    50    49
  306    45    42
  307    10    15
  308    43    41
  309    22    26
  310    32    31
  311    30    34
  312     2     4
  313    31    32
  314    43    46
  315    51    48
  316    19    20
  317    28    31
  318    41    41
  319    36    32
  320    11    13
  321     9    14
  322    38    33
  323    27    32
  324    13    16
  325    25    29
  326    31    27
  327    42    44
  328    37    37
  329    11    12
  330    41    37
  331    40    40
  332     1     1
  333    12    11
  334    43    46
  335    49    48
  336     9     5
  337    20    19
  338    36    35
  339     6     6
  340    38    34
  341     5     1
  342    25    30
  343    26    22
  344    45    46
  345     8     6
  346    45    47
  347    18    20
  348    15    14
  349     1     5
  350    11    11
  351     1     6
  352    36    36
  353    13    18
  354    29    34
  355    38    36
  356    33    35
  357    35    35
  358     5     1
  359    48    43
  360    39    40
  361    12    10
  362    37    33
  363    35    35
  364    16    18
  365    15    18
  366     1     5
  367    30    25
  368    19    16
  369    41    39
  370    10     9
  371    32    28
  372    53    50
  373    38    40
  374    15    14
  375    17    22
  376    27    31
  377    41    37
  378     1     2
  379    22    18
  380    37    39
  381    26    29
  382    10     7
  383    33    34
  384    38    43
  385     1     1
  386    26    27
  387     3     3
  388     7     4
  389    29    34
  390    38    40
  391    34    31
  392     4     5
  393    36    31
  394    49    50
  395     4     6
  396    20    21
  397    31    34
  398    49    50
  399    50    50
  400    44    47
  401    32    32
  402    35    33
  403     7     2
  404    42    39
  405    16    12
  406    37    36
  407    11    12
  408    43    38
  409    19    14
  410    53    50
  411    30    31
  412    19    23
  413    19    21
  414    18    19
  415    41    39
  416     7     6
  417    10     5
  418     4     2
  419    12    16
  420    12    10
  421    24    23
  422     9    13
  423    15    19
  424    31    36
  425    22    22
  426    10    15
  427     5     6
  428    22    18
  429    14    10
  430    20    22
  431    22    17
  432    40    42
  433    24    22
  434    20    15
  435    43    45
  436    10    13
  437    13    14
  438    27    30
  439    39    38
  440    35    31
  441     3     4
  442     4     8
  443    37    34
  444    34    38
  445    41    41
  446    28    26
  447    25    27
  448    15    19
  449    33    33
  450    32    29
  451    34    33
  452    16    17
  453    37    41
  454    18    21
  455     1     2
  456    10     6
  457     6     1
  458     7     6
  459    39    41
  460    37    32
  461    32    33
  462     9    10
  463     5     5
  464    23    26
  465    16    18
  466    49    50
  467    28    24
  468    12    12
  469    23    20
  470    24    19
  471    22    20
  472     9     9
  473    25    24
  474    51    50
  475    35    40
  476    11     9
  477    37    33
  478    49    46
  479    17    19
  480    51    47
  481     2     3
  482    23    23
  483    30    35
  484    22    24
  485     7     3
  486    47    43
  487    32    34
  488     4     4
  489    37    37
  490     6    11
  491    14    17
  492    44    41
  493     1     3
  494    15    13
  495    30    31
  496    46    48
  497    14    11
  498     4     3
  499    17    20
  500    22    22
  501     6     5
  502     4     8
  503    13    17
  504    18    23
  505    15    15
  506    36    39
  507    15    11
  508    25    29
  509    39    41
  510    13    11
  511    38    36
  512    30    34
  513    17    20
  514    21    22
  515    19    15
  516    30    28
  517    53    48
  518     1     3
  519    29    27
  520    44    44
  521    46    45
  522     2     1
  523     8    10
  524    34    38
  525    35    31
  526     6     6
  527     8     5
  528    34    32
  529    16    19
  530     3     5
  531     8     5
  532    12     8
  533    45    50
  534    17    13
  535    45    47
  536    25    26
  537    37    35
  538    18    22
  539    15    14
  540    22    24
  541    28    33
  542    16    14
  543    37    33
  544    12    12
  545    40    38
  546     9    12
  547    18    23
  548    51    50
  549    27    22
  550     9     4
  551    47    46
  552    32    29
  553    19    23
  554    20    15
  555    16    15
  556    33    31
  557    18    22
  558     1     5
  559    43    38
  560    30    25
  561    29    29
  562    10     9
  563     1     2
  564    45    42
  565    24    28
  566    18    13
  567    33    33
  568    12     7
  569    48    49
  570    29    33
  571    41    46
  572     8     9
  573     7     4
  574    37    40
  575    39    39
  576     9     9
  577    44    47
  578     4     3
  579    24    25
  580    12    10
  581    41    40
  582    11    13
  583    17    15
  584    49    48
  585    42    43
  586    44    42
  587    10    10
  588    36    40
  589    46    49
  590     3     5
  591    24    21
  592    35    35
  593    50    50
  594    10    11
  595    14    14
  596    16    11
  597    30    25
  598    37    42
  599    26    24
  600    46    46
  601    38    40
  602    39    37
  603     8    12
  604    21    21
  605    45    42
  606     6     7
  607    10    14
  608    37    35
  609    37    40
  610    19    15
  611    34    30
  612    14    17
  613    29    29
  614    45    46
  615     4     8
  616    47    46
  617    53    49
  618    10     5
  619    52    48
  620    33    36
  621    16    19
  622    24    21
  623    46    45
  624    49    48
  625    17    15
  626    29    25
  627    19    18
  628    35    33
  629    48    48
  630    33    30
  631    16    16
  632     9     4
  633    34    38
  634    28    31
  635     7    10
  636    28    31
  637     8     9
  638    15    20
  639     3     5
  640    46    49
  641    32    32
  642    47    49
  643    37    42
  644    22    18
  645    46    49
  646    44    48
  647    24    21
  648     1     2
  649    11    14
  650    15    20
  651    38    37
  652     7     6
  653    50    48
  654    24    25
  655     6     1
  656    45    42
  657     1     5
  658    41    40
  659    14    12
  660    38    33
  661    33    34
  662    15    17
  663    27    32
  664    22    24
  665    22    18
  666    47    50
  667    41    37
  668     1     3
  669    36    32
  670    24    20
  671    20    25
  672    40    45
  673     6     2
  674     1     5
  675    43    45
  676    15    12
  677    39    43
  678    24    22
  679    52    48
  680    29    24
  681     1     1
  682    17    22
  683    15    16
  684     1     1
  685    26    23
  686     8    12
  687    32    35
  688    48    49
  689    46    46
  690    38    42
  691    22    25
  692     9    10
  693    10    10
  694    23    19
  695    28    29
  696    21    23
  697    29    29
  698    25    25
  699    52    48
  700    18    20
  701    22    17
  702    53    48
  703    19    15
  704    38    38
  705     1     1
  706     1     3
  707    33    32
  708    34    29
  709     1     4
  710    10     5
  711    39    38
  712    29    31
  713    28    32
  714    12     8
  715     7     2
  716     6     2
  717    48    49
  718    32    35
  719    19    18
  720    40    45
  721    35    35
  722    48    49
  723    27    30
  724    20    21
  725    27    28
  726    21    23
  727    27    32
  728    47    48
  729    55    50
  730    33    30
  731     3     7
  732    36    39
  733     6     9
  734    35    34
  735    43    38
  736     7    10
  737    29    33
  738    13    12
  739    36    31
  740    10     6
  741     1     5
  742    13    14
  743     9    13
  744    23    20
  745    18    18
  746    15    19
  747    18    18
  748    45    41
  749     6     8
  750    24    19
  751    36    37
  752    14    17
  753     5     1
  754    15    10
  755    20    21
  756     1     3
  757    15    17
  758    43    41
  759    25    24
  760    44    45
  761    21    17
  762     5    10
  763    12     7
  764    41    45
  765     3     8
  766     4     1
  767    47    44
  768    27    32
  769    10     5
  770    10     5
  771    24    22
  772    41    36
  773    41    39
  774    20    19
  775    28    32
  776    38    35
  777     1     4
  778    29    32
  779    35    39
  780    26    27
  781    18    13
  782     6     9
  783    25    28
  784    35    32
  785    44    46
  786     7     2
  787    48    44
  788    21    26
  789    30    34
  790    22    19
  791    43    45
  792    21    22
  793    37    41
  794     1     6
  795    30    35
  796    38    37
  797    36    36
  798    10    14
  799    29    30
  800    36    40
  801    29    34
  802     2     1
  803     7     7
  804    42    47
  805    28    24
  806     8    11
  807    29    31
  808     4     1
  809    26    25
  810    32    35
  811     5     9
  812     9    11
  813    36    37
  814    15    17
  815     1     2
  816    11     6
  817     8     9
  818    20    15
  819    27    27
  820    29    27
  821    46    47
  822     6     2
  823     6     5
  824     8     4
  825    47    47
  826     6     2
  827    21    26
  828    42    45
  829    35    38
  830    38    38
  831    31    26
  832    44    48
  833    49    47
  834    11    13
  835    37    34
  836     9     7
  837     8     9
  838    30    25
  839    28    31
  840    26    27
  841    21    17
  842     2     5
  843    39    37
  844    17    17
  845     5     7
  846    46    42
  847    23    28
  848    21    22
  849    44    43
  850    48    44
  851    55    50
  852    30    27
  853    37    34
  854    40    45
  855    26    26
  856     8     5
  857    21    20
  858     1     3
  859    16    13
  860    36    32
  861    24    25
  862    44    39
  863    42    45
  864     1     4
  865     1     1
  866    33    38
  867    32    35
  868    16    14
  869    19    23
  870    30    29
  871    29    24
  872    39    44
  873    39    35
  874    21    25
  875    42    40
  876    24    20
  877     3     2
  878     7     7
  879     8     9
  880    16    21
  881    39    41
  882    27    32
  883    32    29
  884    15    20
  885    24    19
  886    19    21
  887    17    21
  888    36    34
  889    52    49
  890    46    42
  891    23    22
  892     1     1
  893     1     2
  894    24    24
  895     2     1
  896    48    43
  897    32    34
  898    12     8
  899    44    39
  900    29    27
  901    43    40
  902    17    20
  903     3     8
  904    13    13
  905    35    34
  906    19    19
  907    25    25
  908    50    47
  909    14    12
  910    52    48
  911    48    43
  912    29    24
  913    16    12
  914    31    26
  915    25    27
  916    35    33
  917    40    43
  918    20    25
  919    46    50
  920    39    39
  921    19    24
  922    31    30
  923     8    10
  924    26    22
  925    33    30
  926    23    24
  927    46    50
  928    44    48
  929    14    15
  930    30    30
  931    51    49
  932     6     7
  933    39    35
  934    44    39
  935    40    39
  936    11    10
  937     6     2
  938     6     2
  939    35    39
  940    12     9
  941    33    33
  942    17    22
  943     8     5
  944    35    33
  945    10    14
  946    19    20
  947    44    40
  948    42    40
  949    34    29
  950    24    27
  951    53    50
  952     4     6
  953     7     8
  954    42    40
  955    29    26
  956    37    38
  957    39    37
  958    24    27
  959    14    16
  960    43    44
  961    40    45
  962     1     1
  963    19    21
  964    32    28
  965    47    43
  966    32    35
  967     9     4
  968    53    50
  969     9     8
  970    50    49
  971     5    10
  972    25    25
  973    14    11
  974    24    22
  975    11    16
  976    45    45
  977    49    46
  978    13     9
  979    23    21
  980    44    45
  981    11    11
  982    45    50
  983    48    49
  984    39    34
  985    37    37
  986    32    30
  987    47    44
  988     3     2
  989    28    26
  990    23    27
  991     9     6
  992    12    14
  993    14    14
  994    22    23
  995    40    38
  996    26    23
  997    12    13
  998     1     3
  999    36    36
 1000    16    20
3125
