100
    1    50    48
    2    30    34
    3     1     6
    4    27    25
    5     7     2
    6    22    22
    7    23    21
    8    37    38
    9    44    41
   10    16    20
   11    15    12
   12    34    31
   13    31    32
   14    25    22
   15    31    27
   16    35    33
   17    17    19
   18     1     2
   19    11     7
   20    33    30
   21     2     1
   22    23    28
   23    33    32
   24    11    11
   25    10     7
   26    13     8
   27    18    16
   28    33    30
   29    18    18
   30     2     5
   31    41    36
   32    28    32
   33    11    10
   34    18    17
   35    47    50
   36    39    43
   37     5     8
   38    18    13
   39     7     2
   40    46    49
   41    33    31
   42    19    16
   43    43    40
   44    11    10
   45    27    23
   46    15    13
   47    40    44
   48    27    26
   49    32    37
   50    12    12
   51    35    37
   52    28    30
   53    12    15
   54    32    36
   55    19    19
   56    22    18
   57    43    45
   58     1     1
   59    11     6
   60    13    16
   61    48    43
   62    18    13
   63    46    50
   64    41    45
   65    22    20
   66    13    14
   67     5     1
   68    20    23
   69    39    38
   70    45    50
   71    14    16
   72    35    32
   73     7     4
   74    19    23
   75    28    24
   76    20    25
   77     5     1
   78    33    31
   79    22    17
   80     5     9
   81    31    36
   82    50    48
   83     7    11
   84    45    48
   85    29    30
   86    41    46
   87     7     4
   88    37    38
   89    31    28
   90    41    43
   91    35    39
   92    18    23
   93    38    37
   94    14    18
   95    36    32
   96    36    33
   97    41    39
   98    30    31
   99    40    38
  100    37    40
625
