2000
    1    50    48
    2    30    34
    3     1     6
    4    27    25
    5     7     2
    6    22    22
    7    23    21
    8    37    38
    9    44    41
   10    16    20
   11    15    12
   12    34    31
   13    31    32
   14    25    22
   15    31    27
   16    35    33
   17    17    19
   18     1     2
   19    11     7
   20    33    30
   21     2     1
   22    23    28
   23    33    32
   24    11    11
   25    10     7
   26    13     8
   27    18    16
   28    33    30
   29    18    18
   30     2     5
   31    41    36
   32    28    32
   33    11    10
   34    18    17
   35    47    50
   36    39    43
   37     5     8
   38    18    13
   39     7     2
   40    46    49
   41    33    31
   42    19    16
   43    43    40
   44    11    10
   45    27    23
   46    15    13
   47    40    44
   48    27    26
   49    32    37
   50    12    12
   51    35    37
   52    28    30
   53    12    15
   54    32    36
   55    19    19
   56    22    18
   57    43    45
   58     1     1
   59    11     6
   60    13    16
   61    48    43
   62    18    13
   63    46    50
   64    41    45
   65    22    20
   66    13    14
   67     5     1
   68    20    23
   69    39    38
   70    45    50
   71    14    16
   72    35    32
   73     7     4
   74    19    23
   75    28    24
   76    20    25
   77     5     1
   78    33    31
   79    22    17
   80     5     9
   81    31    36
   82    50    48
   83     7    11
   84    45    48
   85    29    30
   86    41    46
   87     7     4
   88    37    38
   89    31    28
   90    41    43
   91    35    39
   92    18    23
   93    38    37
   94    14    18
   95    36    32
   96    36    33
   97    41    39
   98    30    31
   99    40    38
  100    37    40
  101     7     9
  102    17    16
  103     8    10
  104    39    40
  105    28    31
  106    14    10
  107     2     1
  108    27    29
  109    46    43
  110    35    35
  111    44    43
  112    15    17
  113     9     9
  114    46    43
  115    19    19
  116    11     7
  117    26    27
  118     1     1
  119    42    41
  120    41    39
  121    27    30
  122    41    41
  123    13    18
  124    41    45
  125    21    17
  126    47    43
  127    24    24
  128    14    18
  129    21    25
  130     9     9
  131    40    40
  132    13    11
  133    10    15
  134    19    20
  135    26    23
  136    35    34
  137    24    29
  138    29    27
  139    18    18
  140    37    36
  141     4     9
  142    29    25
  143    23    25
  144    27    23
  145    42    43
  146    44    46
  147    40    44
  148    26    21
  149    20    25
  150    14    10
  151    22    21
  152    38    35
  153    36    38
  154    17    12
  155    34    36
  156    25    28
  157    11     6
  158    30    27
  159    24    28
  160    34    31
  161    34    31
  162     7     9
  163    53    50
  164    51    46
  165    34    31
  166    52    48
  167    43    41
  168    49    48
  169    44    46
  170    18    23
  171    38    41
  172    17    14
  173    36    39
  174     6     6
  175    26    21
  176     1     5
  177    31    28
  178    26    21
  179    33    28
  180    45    50
  181    49    45
  182    14    17
  183    37    36
  184    25    22
  185    23    23
  186    27    31
  187    23    28
  188     8     3
  189    27    26
  190    48    45
  191     1     2
  192    38    39
  193    37    36
  194    50    48
  195    34    37
  196    34    36
  197     7    10
  198    22    22
  199    36    39
  200    19    15
  201    18    23
  202    13    11
  203    26    27
  204     8     3
  205    12    17
  206     7     7
  207    28    24
  208    47    44
  209    45    47
  210    43    45
  211    24    24
  212    22    20
  213     2     7
  214     1     3
  215    29    24
  216    13    17
  217    48    44
  218    34    32
  219    49    45
  220    12    12
  221    27    26
  222    10    13
  223    47    47
  224    13    12
  225    41    36
  226    36    32
  227    23    25
  228    16    19
  229    24    25
  230    31    31
  231    34    29
  232    44    44
  233    27    27
  234    17    18
  235    39    37
  236    18    22
  237    41    45
  238    34    35
  239    27    25
  240    16    21
  241    12    17
  242    48    49
  243    46    49
  244     3     7
  245    29    28
  246    52    49
  247    28    30
  248    19    18
  249     9     6
  250    41    38
  251    45    41
  252    44    43
  253    18    23
  254    41    46
  255    41    45
  256    13    15
  257     8    12
  258    15    14
  259    49    45
  260    23    19
  261    11    15
  262     8     9
  263    34    37
  264     8     5
  265    43    39
  266    37    34
  267    31    34
  268    52    48
  269    53    49
  270    22    23
  271    20    16
  272    46    47
  273    19    16
  274    26    29
  275    42    45
  276    13    18
  277    27    27
  278    52    50
  279     5     3
  280    27    28
  281    10    13
  282    24    22
  283    38    39
  284    15    15
  285    10    10
  286    29    31
  287     6     3
  288     7     9
  289     6     3
  290    14    17
  291    24    28
  292    18    16
  293    45    50
  294    10    10
  295     1     1
  296    16    15
  297    43    42
  298    33    30
  299    11    10
  300     7     2
  301     3     4
  302    32    35
  303     9     8
  304    48    43
  305    50    49
  306    45    42
  307    10    15
  308    43    41
  309    22    26
  310    32    31
  311    30    34
  312     2     4
  313    31    32
  314    43    46
  315    51    48
  316    19    20
  317    28    31
  318    41    41
  319    36    32
  320    11    13
  321     9    14
  322    38    33
  323    27    32
  324    13    16
  325    25    29
  326    31    27
  327    42    44
  328    37    37
  329    11    12
  330    41    37
  331    40    40
  332     1     1
  333    12    11
  334    43    46
  335    49    48
  336     9     5
  337    20    19
  338    36    35
  339     6     6
  340    38    34
  341     5     1
  342    25    30
  343    26    22
  344    45    46
  345     8     6
  346    45    47
  347    18    20
  348    15    14
  349     1     5
  350    11    11
  351     1     6
  352    36    36
  353    13    18
  354    29    34
  355    38    36
  356    33    35
  357    35    35
  358     5     1
  359    48    43
  360    39    40
  361    12    10
  362    37    33
  363    35    35
  364    16    18
  365    15    18
  366     1     5
  367    30    25
  368    19    16
  369    41    39
  370    10     9
  371    32    28
  372    53    50
  373    38    40
  374    15    14
  375    17    22
  376    27    31
  377    41    37
  378     1     2
  379    22    18
  380    37    39
  381    26    29
  382    10     7
  383    33    34
  384    38    43
  385     1     1
  386    26    27
  387     3     3
  388     7     4
  389    29    34
  390    38    40
  391    34    31
  392     4     5
  393    36    31
  394    49    50
  395     4     6
  396    20    21
  397    31    34
  398    49    50
  399    50    50
  400    44    47
  401    32    32
  402    35    33
  403     7     2
  404    42    39
  405    16    12
  406    37    36
  407    11    12
  408    43    38
  409    19    14
  410    53    50
  411    30    31
  412    19    23
  413    19    21
  414    18    19
  415    41    39
  416     7     6
  417    10     5
  418     4     2
  419    12    16
  420    12    10
  421    24    23
  422     9    13
  423    15    19
  424    31    36
  425    22    22
  426    10    15
  427     5     6
  428    22    18
  429    14    10
  430    20    22
  431    22    17
  432    40    42
  433    24    22
  434    20    15
  435    43    45
  436    10    13
  437    13    14
  438    27    30
  439    39    38
  440    35    31
  441     3     4
  442     4     8
  443    37    34
  444    34    38
  445    41    41
  446    28    26
  447    25    27
  448    15    19
  449    33    33
  450    32    29
  451    34    33
  452    16    17
  453    37    41
  454    18    21
  455     1     2
  456    10     6
  457     6     1
  458     7     6
  459    39    41
  460    37    32
  461    32    33
  462     9    10
  463     5     5
  464    23    26
  465    16    18
  466    49    50
  467    28    24
  468    12    12
  469    23    20
  470    24    19
  471    22    20
  472     9     9
  473    25    24
  474    51    50
  475    35    40
  476    11     9
  477    37    33
  478    49    46
  479    17    19
  480    51    47
  481     2     3
  482    23    23
  483    30    35
  484    22    24
  485     7     3
  486    47    43
  487    32    34
  488     4     4
  489    37    37
  490     6    11
  491    14    17
  492    44    41
  493     1     3
  494    15    13
  495    30    31
  496    46    48
  497    14    11
  498     4     3
  499    17    20
  500    22    22
  501     6     5
  502     4     8
  503    13    17
  504    18    23
  505    15    15
  506    36    39
  507    15    11
  508    25    29
  509    39    41
  510    13    11
  511    38    36
  512    30    34
  513    17    20
  514    21    22
  515    19    15
  516    30    28
  517    53    48
  518     1     3
  519    29    27
  520    44    44
  521    46    45
  522     2     1
  523     8    10
  524    34    38
  525    35    31
  526     6     6
  527     8     5
  528    34    32
  529    16    19
  530     3     5
  531     8     5
  532    12     8
  533    45    50
  534    17    13
  535    45    47
  536    25    26
  537    37    35
  538    18    22
  539    15    14
  540    22    24
  541    28    33
  542    16    14
  543    37    33
  544    12    12
  545    40    38
  546     9    12
  547    18    23
  548    51    50
  549    27    22
  550     9     4
  551    47    46
  552    32    29
  553    19    23
  554    20    15
  555    16    15
  556    33    31
  557    18    22
  558     1     5
  559    43    38
  560    30    25
  561    29    29
  562    10     9
  563     1     2
  564    45    42
  565    24    28
  566    18    13
  567    33    33
  568    12     7
  569    48    49
  570    29    33
  571    41    46
  572     8     9
  573     7     4
  574    37    40
  575    39    39
  576     9     9
  577    44    47
  578     4     3
  579    24    25
  580    12    10
  581    41    40
  582    11    13
  583    17    15
  584    49    48
  585    42    43
  586    44    42
  587    10    10
  588    36    40
  589    46    49
  590     3     5
  591    24    21
  592    35    35
  593    50    50
  594    10    11
  595    14    14
  596    16    11
  597    30    25
  598    37    42
  599    26    24
  600    46    46
  601    38    40
  602    39    37
  603     8    12
  604    21    21
  605    45    42
  606     6     7
  607    10    14
  608    37    35
  609    37    40
  610    19    15
  611    34    30
  612    14    17
  613    29    29
  614    45    46
  615     4     8
  616    47    46
  617    53    49
  618    10     5
  619    52    48
  620    33    36
  621    16    19
  622    24    21
  623    46    45
  624    49    48
  625    17    15
  626    29    25
  627    19    18
  628    35    33
  629    48    48
  630    33    30
  631    16    16
  632     9     4
  633    34    38
  634    28    31
  635     7    10
  636    28    31
  637     8     9
  638    15    20
  639     3     5
  640    46    49
  641    32    32
  642    47    49
  643    37    42
  644    22    18
  645    46    49
  646    44    48
  647    24    21
  648     1     2
  649    11    14
  650    15    20
  651    38    37
  652     7     6
  653    50    48
  654    24    25
  655     6     1
  656    45    42
  657     1     5
  658    41    40
  659    14    12
  660    38    33
  661    33    34
  662    15    17
  663    27    32
  664    22    24
  665    22    18
  666    47    50
  667    41    37
  668     1     3
  669    36    32
  670    24    20
  671    20    25
  672    40    45
  673     6     2
  674     1     5
  675    43    45
  676    15    12
  677    39    43
  678    24    22
  679    52    48
  680    29    24
  681     1     1
  682    17    22
  683    15    16
  684     1     1
  685    26    23
  686     8    12
  687    32    35
  688    48    49
  689    46    46
  690    38    42
  691    22    25
  692     9    10
  693    10    10
  694    23    19
  695    28    29
  696    21    23
  697    29    29
  698    25    25
  699    52    48
  700    18    20
  701    22    17
  702    53    48
  703    19    15
  704    38    38
  705     1     1
  706     1     3
  707    33    32
  708    34    29
  709     1     4
  710    10     5
  711    39    38
  712    29    31
  713    28    32
  714    12     8
  715     7     2
  716     6     2
  717    48    49
  718    32    35
  719    19    18
  720    40    45
  721    35    35
  722    48    49
  723    27    30
  724    20    21
  725    27    28
  726    21    23
  727    27    32
  728    47    48
  729    55    50
  730    33    30
  731     3     7
  732    36    39
  733     6     9
  734    35    34
  735    43    38
  736     7    10
  737    29    33
  738    13    12
  739    36    31
  740    10     6
  741     1     5
  742    13    14
  743     9    13
  744    23    20
  745    18    18
  746    15    19
  747    18    18
  748    45    41
  749     6     8
  750    24    19
  751    36    37
  752    14    17
  753     5     1
  754    15    10
  755    20    21
  756     1     3
  757    15    17
  758    43    41
  759    25    24
  760    44    45
  761    21    17
  762     5    10
  763    12     7
  764    41    45
  765     3     8
  766     4     1
  767    47    44
  768    27    32
  769    10     5
  770    10     5
  771    24    22
  772    41    36
  773    41    39
  774    20    19
  775    28    32
  776    38    35
  777     1     4
  778    29    32
  779    35    39
  780    26    27
  781    18    13
  782     6     9
  783    25    28
  784    35    32
  785    44    46
  786     7     2
  787    48    44
  788    21    26
  789    30    34
  790    22    19
  791    43    45
  792    21    22
  793    37    41
  794     1     6
  795    30    35
  796    38    37
  797    36    36
  798    10    14
  799    29    30
  800    36    40
  801    29    34
  802     2     1
  803     7     7
  804    42    47
  805    28    24
  806     8    11
  807    29    31
  808     4     1
  809    26    25
  810    32    35
  811     5     9
  812     9    11
  813    36    37
  814    15    17
  815     1     2
  816    11     6
  817     8     9
  818    20    15
  819    27    27
  820    29    27
  821    46    47
  822     6     2
  823     6     5
  824     8     4
  825    47    47
  826     6     2
  827    21    26
  828    42    45
  829    35    38
  830    38    38
  831    31    26
  832    44    48
  833    49    47
  834    11    13
  835    37    34
  836     9     7
  837     8     9
  838    30    25
  839    28    31
  840    26    27
  841    21    17
  842     2     5
  843    39    37
  844    17    17
  845     5     7
  846    46    42
  847    23    28
  848    21    22
  849    44    43
  850    48    44
  851    55    50
  852    30    27
  853    37    34
  854    40    45
  855    26    26
  856     8     5
  857    21    20
  858     1     3
  859    16    13
  860    36    32
  861    24    25
  862    44    39
  863    42    45
  864     1     4
  865     1     1
  866    33    38
  867    32    35
  868    16    14
  869    19    23
  870    30    29
  871    29    24
  872    39    44
  873    39    35
  874    21    25
  875    42    40
  876    24    20
  877     3     2
  878     7     7
  879     8     9
  880    16    21
  881    39    41
  882    27    32
  883    32    29
  884    15    20
  885    24    19
  886    19    21
  887    17    21
  888    36    34
  889    52    49
  890    46    42
  891    23    22
  892     1     1
  893     1     2
  894    24    24
  895     2     1
  896    48    43
  897    32    34
  898    12     8
  899    44    39
  900    29    27
  901    43    40
  902    17    20
  903     3     8
  904    13    13
  905    35    34
  906    19    19
  907    25    25
  908    50    47
  909    14    12
  910    52    48
  911    48    43
  912    29    24
  913    16    12
  914    31    26
  915    25    27
  916    35    33
  917    40    43
  918    20    25
  919    46    50
  920    39    39
  921    19    24
  922    31    30
  923     8    10
  924    26    22
  925    33    30
  926    23    24
  927    46    50
  928    44    48
  929    14    15
  930    30    30
  931    51    49
  932     6     7
  933    39    35
  934    44    39
  935    40    39
  936    11    10
  937     6     2
  938     6     2
  939    35    39
  940    12     9
  941    33    33
  942    17    22
  943     8     5
  944    35    33
  945    10    14
  946    19    20
  947    44    40
  948    42    40
  949    34    29
  950    24    27
  951    53    50
  952     4     6
  953     7     8
  954    42    40
  955    29    26
  956    37    38
  957    39    37
  958    24    27
  959    14    16
  960    43    44
  961    40    45
  962     1     1
  963    19    21
  964    32    28
  965    47    43
  966    32    35
  967     9     4
  968    53    50
  969     9     8
  970    50    49
  971     5    10
  972    25    25
  973    14    11
  974    24    22
  975    11    16
  976    45    45
  977    49    46
  978    13     9
  979    23    21
  980    44    45
  981    11    11
  982    45    50
  983    48    49
  984    39    34
  985    37    37
  986    32    30
  987    47    44
  988     3     2
  989    28    26
  990    23    27
  991     9     6
  992    12    14
  993    14    14
  994    22    23
  995    40    38
  996    26    23
  997    12    13
  998     1     3
  999    36    36
 1000    16    20
 1001    14    15
 1002    36    40
 1003     8     5
 1004    26    21
 1005    18    23
 1006    27    27
 1007    15    19
 1008    51    47
 1009     1     3
 1010    27    30
 1011     8     9
 1012    17    16
 1013     9    12
 1014     1     5
 1015    30    28
 1016    47    50
 1017    41    46
 1018    19    17
 1019    32    31
 1020    44    45
 1021    42    42
 1022    28    32
 1023     8    11
 1024    36    32
 1025    11    15
 1026     8    13
 1027    11     7
 1028    34    39
 1029    34    38
 1030    11     7
 1031     5     6
 1032    32    32
 1033    38    42
 1034     2     2
 1035    45    43
 1036    54    50
 1037    28    23
 1038    32    32
 1039     6     7
 1040    15    12
 1041    47    42
 1042     5     1
 1043     6     2
 1044    32    34
 1045     1     1
 1046    36    33
 1047    38    41
 1048    51    49
 1049    20    23
 1050    17    14
 1051     5     4
 1052    43    40
 1053    38    35
 1054    44    43
 1055    28    28
 1056    13    11
 1057    14     9
 1058    19    18
 1059    38    37
 1060    52    47
 1061    47    50
 1062    28    28
 1063    53    49
 1064    45    49
 1065    14    16
 1066    23    25
 1067    31    30
 1068    25    23
 1069     6    10
 1070    19    19
 1071    15    18
 1072    10    15
 1073    34    31
 1074    51    47
 1075     4     5
 1076    17    22
 1077    15    17
 1078    40    41
 1079     8    12
 1080    25    20
 1081    49    48
 1082    43    44
 1083    44    40
 1084    12    11
 1085    30    34
 1086    22    25
 1087     4     4
 1088     1     2
 1089    11     9
 1090    46    41
 1091     3     2
 1092    26    31
 1093     1     2
 1094    44    43
 1095    15    15
 1096    17    18
 1097    14    11
 1098    43    41
 1099     5     9
 1100    21    19
 1101    31    36
 1102    16    19
 1103     6     5
 1104     7     6
 1105    16    11
 1106    46    49
 1107    14     9
 1108     7    11
 1109    16    18
 1110    46    47
 1111    31    27
 1112    33    35
 1113    11    15
 1114     1     1
 1115    10    12
 1116    13    13
 1117    13    14
 1118    35    34
 1119    24    23
 1120    28    33
 1121    28    31
 1122     8     4
 1123    14    11
 1124    11    16
 1125    43    45
 1126    17    19
 1127    32    29
 1128    18    22
 1129    51    48
 1130    42    42
 1131     8    11
 1132    28    27
 1133    18    22
 1134    39    41
 1135    19    23
 1136    44    44
 1137    28    27
 1138    25    30
 1139    44    40
 1140     4     6
 1141    42    47
 1142    47    48
 1143    39    40
 1144    28    23
 1145    51    48
 1146     9     6
 1147     3     7
 1148    43    47
 1149     7    10
 1150    23    27
 1151    40    36
 1152    46    45
 1153     4     4
 1154    48    46
 1155    48    43
 1156    28    23
 1157    46    43
 1158    30    25
 1159    11    16
 1160     1     3
 1161    35    38
 1162    21    20
 1163    21    24
 1164    35    33
 1165     2     4
 1166    42    41
 1167    43    46
 1168    39    40
 1169     1     3
 1170     3     5
 1171    27    29
 1172    30    33
 1173    18    13
 1174     9    13
 1175    32    37
 1176    50    45
 1177    20    22
 1178    29    28
 1179    46    49
 1180    26    25
 1181    10    11
 1182    53    49
 1183    43    46
 1184    21    25
 1185    24    19
 1186    24    24
 1187    10    15
 1188    24    23
 1189    36    39
 1190    18    15
 1191    53    50
 1192    27    28
 1193     8     6
 1194    11    11
 1195    45    41
 1196    28    25
 1197    19    20
 1198    34    34
 1199    21    23
 1200    35    38
 1201    35    34
 1202    43    44
 1203    22    17
 1204     8     9
 1205    37    41
 1206    18    18
 1207     1     1
 1208    21    24
 1209     1     5
 1210    18    23
 1211    23    22
 1212    20    16
 1213    33    29
 1214    33    35
 1215    34    30
 1216    23    24
 1217    54    50
 1218    33    33
 1219    41    44
 1220     1     3
 1221     6     6
 1222    39    39
 1223     1     4
 1224    41    40
 1225    47    47
 1226    26    21
 1227    50    48
 1228    29    32
 1229    43    38
 1230    16    17
 1231    33    33
 1232    40    43
 1233    52    47
 1234    47    44
 1235    27    25
 1236     8     9
 1237     8     7
 1238     2     4
 1239    47    45
 1240    18    16
 1241     3     5
 1242    41    42
 1243    13    15
 1244    17    13
 1245    22    27
 1246    32    31
 1247    20    23
 1248    10    13
 1249    36    39
 1250     7    10
 1251    17    16
 1252    21    19
 1253    24    21
 1254    36    40
 1255    25    27
 1256    52    48
 1257     1     3
 1258    34    30
 1259    14    17
 1260    12    12
 1261    19    24
 1262    44    45
 1263    16    11
 1264    11    12
 1265    30    25
 1266     9     8
 1267    36    32
 1268    13    17
 1269    18    16
 1270     2     6
 1271    27    31
 1272    34    30
 1273    20    23
 1274    37    36
 1275    21    20
 1276     8     8
 1277    51    48
 1278    43    38
 1279    15    11
 1280    16    18
 1281     3     1
 1282    38    37
 1283    11     8
 1284    46    49
 1285    13    17
 1286     8    10
 1287     2     4
 1288    25    21
 1289    39    36
 1290    19    17
 1291    39    34
 1292    42    43
 1293    32    34
 1294    33    33
 1295    13     8
 1296    40    37
 1297    22    25
 1298     6    11
 1299    15    16
 1300    32    32
 1301    16    19
 1302    43    39
 1303    17    18
 1304     2     7
 1305    27    31
 1306    34    34
 1307    46    49
 1308    50    50
 1309    46    45
 1310     2     1
 1311     4     4
 1312    19    20
 1313    35    34
 1314    27    29
 1315    20    25
 1316    29    32
 1317    42    44
 1318    20    23
 1319    49    50
 1320     1     5
 1321    39    43
 1322    18    16
 1323    30    31
 1324    20    15
 1325    22    21
 1326    49    45
 1327    16    14
 1328    37    35
 1329    26    22
 1330    15    12
 1331    44    42
 1332    42    45
 1333     8     6
 1334    19    14
 1335    36    39
 1336    10     9
 1337    54    49
 1338    33    37
 1339    26    30
 1340    35    35
 1341    36    36
 1342    44    45
 1343    45    43
 1344    29    32
 1345     3     4
 1346     4     9
 1347     6     5
 1348    10    14
 1349    10    13
 1350     6    11
 1351     6     3
 1352    39    37
 1353    35    40
 1354    49    48
 1355    14    10
 1356    33    28
 1357    16    20
 1358    37    40
 1359    17    12
 1360    28    32
 1361     1     2
 1362    22    27
 1363     5     1
 1364     1     5
 1365    29    31
 1366    13    13
 1367     6     7
 1368     7    10
 1369    16    15
 1370    41    46
 1371    21    25
 1372     4     1
 1373     1     2
 1374    19    24
 1375    12    12
 1376    47    50
 1377    39    36
 1378    24    21
 1379     3     7
 1380     1     2
 1381    18    15
 1382    27    30
 1383    46    48
 1384    32    35
 1385     4     4
 1386    29    32
 1387     4     4
 1388    31    33
 1389    17    21
 1390     4     5
 1391    30    29
 1392    10    14
 1393    16    21
 1394    29    32
 1395    42    40
 1396     9     7
 1397     7     2
 1398    38    33
 1399    36    32
 1400    14    18
 1401     4     9
 1402    23    21
 1403    32    35
 1404    18    20
 1405    38    42
 1406    44    43
 1407    33    32
 1408    15    11
 1409    20    19
 1410    23    18
 1411     8     4
 1412    30    32
 1413    14    12
 1414    45    49
 1415    31    36
 1416    19    16
 1417     7     9
 1418    46    44
 1419    39    34
 1420    31    34
 1421     1     5
 1422     9    10
 1423    12    15
 1424     7     7
 1425     6     2
 1426    44    44
 1427    31    29
 1428    47    47
 1429    12    10
 1430    39    39
 1431    14    13
 1432    28    27
 1433    13    10
 1434    23    22
 1435    27    28
 1436    33    30
 1437    26    28
 1438    10    15
 1439     2     3
 1440    43    38
 1441    32    34
 1442    39    39
 1443     7     3
 1444    16    16
 1445     9    11
 1446    21    16
 1447    23    19
 1448    22    24
 1449    15    19
 1450     8    11
 1451    11    10
 1452    21    26
 1453    44    43
 1454    35    32
 1455    26    23
 1456     5     3
 1457    38    39
 1458    38    41
 1459     1     1
 1460    17    14
 1461     9    12
 1462    42    45
 1463    36    41
 1464    36    35
 1465    14    16
 1466    23    24
 1467    35    38
 1468    47    42
 1469    17    22
 1470    29    30
 1471    11     9
 1472    25    30
 1473    24    28
 1474    35    31
 1475    26    29
 1476    13    11
 1477    34    33
 1478    46    50
 1479    44    40
 1480    23    27
 1481     6    11
 1482     1     2
 1483     1     3
 1484    39    42
 1485    12    14
 1486    18    18
 1487    10     6
 1488    35    38
 1489     9    12
 1490    50    45
 1491    15    13
 1492     9    13
 1493    45    44
 1494    16    14
 1495     4     7
 1496    14    11
 1497     8     3
 1498    36    35
 1499    43    48
 1500    35    32
 1501    35    34
 1502    29    24
 1503     2     1
 1504    31    36
 1505    35    33
 1506    19    15
 1507    25    20
 1508    37    32
 1509    38    39
 1510    13     8
 1511    36    31
 1512    27    29
 1513    39    36
 1514    31    28
 1515     8    12
 1516    33    34
 1517     9     8
 1518    21    25
 1519    32    31
 1520    25    29
 1521     1     5
 1522    23    25
 1523    26    29
 1524    32    36
 1525    44    41
 1526    29    27
 1527    43    48
 1528    14    17
 1529    49    46
 1530    18    17
 1531    12    16
 1532    46    44
 1533    50    46
 1534     8    11
 1535    10    12
 1536    28    28
 1537     1     2
 1538    29    25
 1539     9     9
 1540    39    38
 1541    13     8
 1542    23    22
 1543    33    28
 1544    11    14
 1545    45    45
 1546    24    27
 1547    17    22
 1548    46    49
 1549    16    18
 1550    28    24
 1551    34    35
 1552    10     5
 1553    24    28
 1554    38    40
 1555    35    39
 1556    22    24
 1557    26    24
 1558     1     2
 1559     8    10
 1560    49    44
 1561    14    10
 1562    46    48
 1563    12    10
 1564    12     7
 1565     7     2
 1566    41    36
 1567    26    27
 1568    42    43
 1569     2     2
 1570    21    20
 1571    17    15
 1572    48    46
 1573    11    14
 1574    40    37
 1575    40    45
 1576    30    31
 1577    11     7
 1578    30    28
 1579    45    49
 1580    47    46
 1581    40    39
 1582    12    17
 1583    15    14
 1584    29    26
 1585    47    44
 1586    29    26
 1587    22    17
 1588    51    50
 1589    17    14
 1590    46    50
 1591    23    28
 1592    21    25
 1593    10     8
 1594    55    50
 1595    33    28
 1596    23    22
 1597     5     3
 1598    21    22
 1599    26    21
 1600    29    30
 1601    34    30
 1602     7     3
 1603    23    28
 1604    24    26
 1605    28    32
 1606    44    48
 1607     6     7
 1608    15    10
 1609    38    42
 1610     7     6
 1611    23    22
 1612     1     1
 1613    48    46
 1614    27    27
 1615    29    27
 1616    44    39
 1617     7    11
 1618    32    34
 1619     4     3
 1620    42    39
 1621    45    43
 1622    11    15
 1623     3     1
 1624    53    48
 1625    39    43
 1626    14    14
 1627     2     2
 1628    46    46
 1629    20    25
 1630    31    27
 1631    23    26
 1632    27    32
 1633    33    29
 1634    15    10
 1635    21    21
 1636    11    13
 1637    33    29
 1638     7     9
 1639    17    15
 1640    38    43
 1641    17    17
 1642     4     1
 1643    17    18
 1644    14    11
 1645    43    48
 1646    28    23
 1647    19    17
 1648    25    29
 1649     9     7
 1650    21    23
 1651     3     5
 1652    25    24
 1653    23    28
 1654     1     5
 1655    31    27
 1656    32    36
 1657     6     8
 1658    14    12
 1659     3     7
 1660    30    26
 1661    21    19
 1662    33    38
 1663     1     3
 1664     5     3
 1665     7     3
 1666    16    14
 1667    25    21
 1668    23    26
 1669    21    17
 1670    35    35
 1671    11     8
 1672    22    17
 1673    35    39
 1674     4     3
 1675    43    46
 1676    26    25
 1677     9     9
 1678    41    37
 1679     8     8
 1680    43    45
 1681     9     5
 1682    36    38
 1683     1     2
 1684    21    25
 1685    13    10
 1686    32    36
 1687    37    39
 1688    22    18
 1689    41    39
 1690    18    18
 1691    27    25
 1692    35    31
 1693    23    22
 1694    17    12
 1695    50    45
 1696    35    40
 1697    36    39
 1698    18    18
 1699     1     3
 1700    20    16
 1701     4     3
 1702    15    15
 1703    16    11
 1704    13    18
 1705     1     3
 1706    37    37
 1707    34    30
 1708    52    50
 1709    24    20
 1710    13    16
 1711    19    21
 1712    46    43
 1713    19    15
 1714     7     9
 1715    24    26
 1716     8     5
 1717    17    12
 1718    18    22
 1719    23    24
 1720    12     8
 1721     1     3
 1722    30    25
 1723    22    26
 1724    20    21
 1725     7     4
 1726    48    46
 1727    42    37
 1728    52    48
 1729     5     4
 1730    38    33
 1731     7     2
 1732    42    42
 1733    16    20
 1734     4     4
 1735    41    45
 1736    45    50
 1737    30    25
 1738    41    41
 1739    13     9
 1740    47    45
 1741    49    44
 1742    35    33
 1743    48    45
 1744    17    16
 1745    17    17
 1746    44    41
 1747    15    20
 1748     1     5
 1749    24    28
 1750     9     7
 1751    45    44
 1752    48    45
 1753    49    49
 1754    52    47
 1755    21    19
 1756    51    47
 1757    17    22
 1758    40    38
 1759    50    45
 1760    36    31
 1761    31    36
 1762    17    12
 1763     5     8
 1764    27    32
 1765    24    21
 1766    48    47
 1767    35    38
 1768     1     3
 1769    24    22
 1770    24    23
 1771     9    14
 1772    20    18
 1773    21    19
 1774    15    15
 1775    45    49
 1776     9    13
 1777    48    49
 1778    20    17
 1779    24    20
 1780     7     7
 1781    23    23
 1782    11    16
 1783     2     6
 1784    27    31
 1785    24    23
 1786    42    46
 1787    44    46
 1788    53    50
 1789    45    49
 1790    16    21
 1791    21    16
 1792    21    19
 1793    45    44
 1794    36    35
 1795    37    39
 1796     4     1
 1797    27    23
 1798    23    18
 1799    18    16
 1800    34    31
 1801     6    11
 1802    30    28
 1803    28    31
 1804    45    40
 1805    38    42
 1806    44    45
 1807    28    30
 1808    13    15
 1809    36    37
 1810    22    17
 1811    40    41
 1812     1     6
 1813    44    40
 1814     6     4
 1815    47    48
 1816     6    10
 1817    45    40
 1818    23    28
 1819    26    31
 1820    42    46
 1821    18    19
 1822    37    40
 1823     8     5
 1824    17    12
 1825    51    47
 1826    43    45
 1827    22    17
 1828     7     2
 1829    19    24
 1830    27    26
 1831    32    32
 1832    52    47
 1833    23    28
 1834    10     7
 1835    22    22
 1836    33    38
 1837    31    32
 1838    46    43
 1839    16    20
 1840    10     5
 1841    26    30
 1842     3     8
 1843    26    29
 1844    46    47
 1845    40    43
 1846    38    33
 1847    15    20
 1848    17    18
 1849    31    27
 1850    40    41
 1851    14    16
 1852    31    28
 1853    43    41
 1854    35    38
 1855     9     8
 1856    22    22
 1857    30    29
 1858     3     3
 1859     6     7
 1860    10    13
 1861     9     9
 1862    15    16
 1863    36    34
 1864     9     5
 1865     1     1
 1866     1     1
 1867    35    36
 1868     5     3
 1869    38    36
 1870    14    18
 1871     3     8
 1872    14    15
 1873    48    44
 1874    31    28
 1875     4     2
 1876    41    43
 1877    12    16
 1878    43    46
 1879    37    42
 1880    31    30
 1881    38    37
 1882     1     2
 1883     3     5
 1884    17    13
 1885    46    50
 1886    36    37
 1887    33    37
 1888    40    43
 1889    13    17
 1890    23    21
 1891    35    31
 1892    38    43
 1893    39    37
 1894     9     4
 1895    22    22
 1896    27    23
 1897    41    42
 1898    43    41
 1899    22    25
 1900    15    11
 1901    30    25
 1902    36    41
 1903    30    35
 1904    48    50
 1905     8    12
 1906    19    15
 1907    21    22
 1908    20    25
 1909     6     9
 1910     8     6
 1911    41    40
 1912     9     9
 1913    27    30
 1914     7     9
 1915    16    13
 1916     6     6
 1917     6     1
 1918    40    44
 1919    33    30
 1920    15    18
 1921    17    19
 1922     8    10
 1923    26    30
 1924    43    39
 1925     8    10
 1926     3     3
 1927     9     4
 1928     1     4
 1929    30    29
 1930    18    17
 1931    25    25
 1932     2     1
 1933    22    25
 1934    36    38
 1935    31    31
 1936    12     7
 1937     2     1
 1938    24    27
 1939    51    48
 1940     9    11
 1941    41    41
 1942     1     2
 1943    41    42
 1944    25    22
 1945    51    49
 1946    14    10
 1947     1     2
 1948    13    13
 1949    46    45
 1950    30    30
 1951    52    48
 1952    13    17
 1953    31    33
 1954    41    37
 1955     4     2
 1956    10     7
 1957    10    13
 1958    31    32
 1959    38    38
 1960    12    12
 1961     8    12
 1962    16    14
 1963    24    19
 1964     1     4
 1965     1     5
 1966    46    44
 1967    44    41
 1968    43    40
 1969     1     3
 1970    14    13
 1971     7     3
 1972     5     8
 1973     6     9
 1974    33    28
 1975    31    29
 1976    46    42
 1977    39    37
 1978    43    42
 1979    34    37
 1980    17    15
 1981    36    40
 1982    14     9
 1983    35    38
 1984    31    34
 1985    37    37
 1986    45    45
 1987    45    46
 1988    54    50
 1989    27    25
 1990    38    38
 1991    12     9
 1992    30    31
 1993    14    10
 1994     8    11
 1995     8     8
 1996    18    18
 1997    38    36
 1998    16    16
 1999    20    22
 2000    33    32
12500
