500
    1    50    48
    2    30    34
    3     1     6
    4    27    25
    5     7     2
    6    22    22
    7    23    21
    8    37    38
    9    44    41
   10    16    20
   11    15    12
   12    34    31
   13    31    32
   14    25    22
   15    31    27
   16    35    33
   17    17    19
   18     1     2
   19    11     7
   20    33    30
   21     2     1
   22    23    28
   23    33    32
   24    11    11
   25    10     7
   26    13     8
   27    18    16
   28    33    30
   29    18    18
   30     2     5
   31    41    36
   32    28    32
   33    11    10
   34    18    17
   35    47    50
   36    39    43
   37     5     8
   38    18    13
   39     7     2
   40    46    49
   41    33    31
   42    19    16
   43    43    40
   44    11    10
   45    27    23
   46    15    13
   47    40    44
   48    27    26
   49    32    37
   50    12    12
   51    35    37
   52    28    30
   53    12    15
   54    32    36
   55    19    19
   56    22    18
   57    43    45
   58     1     1
   59    11     6
   60    13    16
   61    48    43
   62    18    13
   63    46    50
   64    41    45
   65    22    20
   66    13    14
   67     5     1
   68    20    23
   69    39    38
   70    45    50
   71    14    16
   72    35    32
   73     7     4
   74    19    23
   75    28    24
   76    20    25
   77     5     1
   78    33    31
   79    22    17
   80     5     9
   81    31    36
   82    50    48
   83     7    11
   84    45    48
   85    29    30
   86    41    46
   87     7     4
   88    37    38
   89    31    28
   90    41    43
   91    35    39
   92    18    23
   93    38    37
   94    14    18
   95    36    32
   96    36    33
   97    41    39
   98    30    31
   99    40    38
  100    37    40
  101     7     9
  102    17    16
  103     8    10
  104    39    40
  105    28    31
  106    14    10
  107     2     1
  108    27    29
  109    46    43
  110    35    35
  111    44    43
  112    15    17
  113     9     9
  114    46    43
  115    19    19
  116    11     7
  117    26    27
  118     1     1
  119    42    41
  120    41    39
  121    27    30
  122    41    41
  123    13    18
  124    41    45
  125    21    17
  126    47    43
  127    24    24
  128    14    18
  129    21    25
  130     9     9
  131    40    40
  132    13    11
  133    10    15
  134    19    20
  135    26    23
  136    35    34
  137    24    29
  138    29    27
  139    18    18
  140    37    36
  141     4     9
  142    29    25
  143    23    25
  144    27    23
  145    42    43
  146    44    46
  147    40    44
  148    26    21
  149    20    25
  150    14    10
  151    22    21
  152    38    35
  153    36    38
  154    17    12
  155    34    36
  156    25    28
  157    11     6
  158    30    27
  159    24    28
  160    34    31
  161    34    31
  162     7     9
  163    53    50
  164    51    46
  165    34    31
  166    52    48
  167    43    41
  168    49    48
  169    44    46
  170    18    23
  171    38    41
  172    17    14
  173    36    39
  174     6     6
  175    26    21
  176     1     5
  177    31    28
  178    26    21
  179    33    28
  180    45    50
  181    49    45
  182    14    17
  183    37    36
  184    25    22
  185    23    23
  186    27    31
  187    23    28
  188     8     3
  189    27    26
  190    48    45
  191     1     2
  192    38    39
  193    37    36
  194    50    48
  195    34    37
  196    34    36
  197     7    10
  198    22    22
  199    36    39
  200    19    15
  201    18    23
  202    13    11
  203    26    27
  204     8     3
  205    12    17
  206     7     7
  207    28    24
  208    47    44
  209    45    47
  210    43    45
  211    24    24
  212    22    20
  213     2     7
  214     1     3
  215    29    24
  216    13    17
  217    48    44
  218    34    32
  219    49    45
  220    12    12
  221    27    26
  222    10    13
  223    47    47
  224    13    12
  225    41    36
  226    36    32
  227    23    25
  228    16    19
  229    24    25
  230    31    31
  231    34    29
  232    44    44
  233    27    27
  234    17    18
  235    39    37
  236    18    22
  237    41    45
  238    34    35
  239    27    25
  240    16    21
  241    12    17
  242    48    49
  243    46    49
  244     3     7
  245    29    28
  246    52    49
  247    28    30
  248    19    18
  249     9     6
  250    41    38
  251    45    41
  252    44    43
  253    18    23
  254    41    46
  255    41    45
  256    13    15
  257     8    12
  258    15    14
  259    49    45
  260    23    19
  261    11    15
  262     8     9
  263    34    37
  264     8     5
  265    43    39
  266    37    34
  267    31    34
  268    52    48
  269    53    49
  270    22    23
  271    20    16
  272    46    47
  273    19    16
  274    26    29
  275    42    45
  276    13    18
  277    27    27
  278    52    50
  279     5     3
  280    27    28
  281    10    13
  282    24    22
  283    38    39
  284    15    15
  285    10    10
  286    29    31
  287     6     3
  288     7     9
  289     6     3
  290    14    17
  291    24    28
  292    18    16
  293    45    50
  294    10    10
  295     1     1
  296    16    15
  297    43    42
  298    33    30
  299    11    10
  300     7     2
  301     3     4
  302    32    35
  303     9     8
  304    48    43
  305    50    49
  306    45    42
  307    10    15
  308    43    41
  309    22    26
  310    32    31
  311    30    34
  312     2     4
  313    31    32
  314    43    46
  315    51    48
  316    19    20
  317    28    31
  318    41    41
  319    36    32
  320    11    13
  321     9    14
  322    38    33
  323    27    32
  324    13    16
  325    25    29
  326    31    27
  327    42    44
  328    37    37
  329    11    12
  330    41    37
  331    40    40
  332     1     1
  333    12    11
  334    43    46
  335    49    48
  336     9     5
  337    20    19
  338    36    35
  339     6     6
  340    38    34
  341     5     1
  342    25    30
  343    26    22
  344    45    46
  345     8     6
  346    45    47
  347    18    20
  348    15    14
  349     1     5
  350    11    11
  351     1     6
  352    36    36
  353    13    18
  354    29    34
  355    38    36
  356    33    35
  357    35    35
  358     5     1
  359    48    43
  360    39    40
  361    12    10
  362    37    33
  363    35    35
  364    16    18
  365    15    18
  366     1     5
  367    30    25
  368    19    16
  369    41    39
  370    10     9
  371    32    28
  372    53    50
  373    38    40
  374    15    14
  375    17    22
  376    27    31
  377    41    37
  378     1     2
  379    22    18
  380    37    39
  381    26    29
  382    10     7
  383    33    34
  384    38    43
  385     1     1
  386    26    27
  387     3     3
  388     7     4
  389    29    34
  390    38    40
  391    34    31
  392     4     5
  393    36    31
  394    49    50
  395     4     6
  396    20    21
  397    31    34
  398    49    50
  399    50    50
  400    44    47
  401    32    32
  402    35    33
  403     7     2
  404    42    39
  405    16    12
  406    37    36
  407    11    12
  408    43    38
  409    19    14
  410    53    50
  411    30    31
  412    19    23
  413    19    21
  414    18    19
  415    41    39
  416     7     6
  417    10     5
  418     4     2
  419    12    16
  420    12    10
  421    24    23
  422     9    13
  423    15    19
  424    31    36
  425    22    22
  426    10    15
  427     5     6
  428    22    18
  429    14    10
  430    20    22
  431    22    17
  432    40    42
  433    24    22
  434    20    15
  435    43    45
  436    10    13
  437    13    14
  438    27    30
  439    39    38
  440    35    31
  441     3     4
  442     4     8
  443    37    34
  444    34    38
  445    41    41
  446    28    26
  447    25    27
  448    15    19
  449    33    33
  450    32    29
  451    34    33
  452    16    17
  453    37    41
  454    18    21
  455     1     2
  456    10     6
  457     6     1
  458     7     6
  459    39    41
  460    37    32
  461    32    33
  462     9    10
  463     5     5
  464    23    26
  465    16    18
  466    49    50
  467    28    24
  468    12    12
  469    23    20
  470    24    19
  471    22    20
  472     9     9
  473    25    24
  474    51    50
  475    35    40
  476    11     9
  477    37    33
  478    49    46
  479    17    19
  480    51    47
  481     2     3
  482    23    23
  483    30    35
  484    22    24
  485     7     3
  486    47    43
  487    32    34
  488     4     4
  489    37    37
  490     6    11
  491    14    17
  492    44    41
  493     1     3
  494    15    13
  495    30    31
  496    46    48
  497    14    11
  498     4     3
  499    17    20
  500    22    22
3125
